-10.000000 25.000000
-9.900000 24.502499
-9.799999 24.009996
-9.699999 23.522495
-9.599998 23.039993
-9.499998 22.562490
-9.399998 22.089989
-9.299997 21.622488
-9.199997 21.159986
-9.099997 20.702484
-8.999996 20.249983
-8.899996 19.802481
-8.799995 19.359980
-8.699995 18.922478
-8.599995 18.489977
-8.499994 18.062475
-8.399994 17.639975
-8.299994 17.222473
-8.199993 16.809973
-8.099993 16.402472
-7.999993 15.999971
-7.899993 15.602472
-7.799993 15.209972
-7.699993 14.822474
-7.599993 14.439974
-7.499993 14.062475
-7.399993 13.689976
-7.299994 13.322476
-7.199994 12.959977
-7.099994 12.602478
-6.999994 12.249978
-6.899994 11.902479
-6.799994 11.559979
-6.699994 11.222480
-6.599994 10.889981
-6.499994 10.562482
-6.399994 10.239982
-6.299994 9.922482
-6.199995 9.609983
-6.099995 9.302484
-5.999995 8.999985
-5.899995 8.702485
-5.799995 8.409986
-5.699995 8.122486
-5.599995 7.839986
-5.499995 7.562487
-5.399995 7.289988
-5.299995 7.022488
-5.199996 6.759988
-5.099996 6.502489
-4.999996 6.249990
-4.899996 6.002490
-4.799996 5.759990
-4.699996 5.522491
-4.599996 5.289991
-4.499996 5.062491
-4.399996 4.839992
-4.299996 4.622492
-4.199996 4.409993
-4.099997 4.202493
-3.999997 3.999993
-3.899997 3.802494
-3.799997 3.609994
-3.699997 3.422494
-3.599997 3.239995
-3.499997 3.062495
-3.399997 2.889995
-3.299997 2.722496
-3.199997 2.559996
-3.099998 2.402496
-2.999998 2.249996
-2.899998 2.102497
-2.799998 1.959997
-2.699998 1.822497
-2.599998 1.689997
-2.499998 1.562498
-2.399998 1.439998
-2.299998 1.322498
-2.199998 1.209998
-2.099998 1.102498
-1.999998 0.999998
-1.899998 0.902498
-1.799998 0.809999
-1.699998 0.722499
-1.599998 0.639999
-1.499998 0.562499
-1.399998 0.489999
-1.299998 0.422499
-1.199998 0.359999
-1.099998 0.302499
-0.999998 0.249999
-0.899998 0.202499
-0.799998 0.159999
-0.699998 0.122499
-0.599998 0.089999
-0.499998 0.062500
-0.399998 0.040000
-0.299998 0.022500
-0.199998 0.010000
-0.099998 0.002500
0.000002 0.000000
0.100002 0.002500
0.200002 0.010000
0.300002 0.022500
0.400002 0.040000
0.500002 0.062500
0.600002 0.090001
0.700002 0.122501
0.800002 0.160001
0.900002 0.202501
1.000002 0.250001
1.100002 0.302501
1.200002 0.360001
1.300002 0.422501
1.400002 0.490001
1.500002 0.562502
1.600002 0.640002
1.700002 0.722502
1.800002 0.810002
1.900002 0.902502
2.000002 1.000002
2.100002 1.102502
2.200002 1.210002
2.300002 1.322502
2.400002 1.440002
2.500002 1.562502
2.600002 1.690002
2.700001 1.822502
2.800001 1.960002
2.900001 2.102502
3.000001 2.250002
3.100001 2.402502
3.200001 2.560002
3.300001 2.722502
3.400001 2.890001
3.500001 3.062501
3.600001 3.240001
3.700001 3.422501
3.800000 3.610001
3.900000 3.802501
4.000000 4.000001
4.100000 4.202501
4.200000 4.410001
4.300000 4.622500
4.400000 4.840000
4.500000 5.062500
4.600000 5.290000
4.700000 5.522500
4.800000 5.759999
4.900000 6.002499
5.000000 6.249999
5.099999 6.502499
5.199999 6.759998
5.299999 7.022498
5.399999 7.289998
5.499999 7.562498
5.599999 7.839997
5.699999 8.122497
5.799999 8.409996
5.899999 8.702497
5.999999 8.999996
6.099998 9.302495
6.199998 9.609995
6.299998 9.922495
6.399998 10.239994
6.499998 10.562494
6.599998 10.889994
6.699998 11.222493
6.799998 11.559993
6.899998 11.902493
6.999998 12.249991
7.099998 12.602491
7.199997 12.959991
7.299997 13.322491
7.399997 13.689990
7.499997 14.062490
7.599997 14.439989
7.699997 14.822488
7.799997 15.209988
7.899997 15.602488
7.999997 15.999987
8.099997 16.402487
8.199997 16.809988
8.299997 17.222488
8.399998 17.639990
8.499998 18.062492
8.599998 18.489994
8.699999 18.922495
8.799999 19.359997
8.900000 19.802498
9.000000 20.250000
9.100000 20.702501
9.200001 21.160004
9.300001 21.622505
9.400002 22.090008
9.500002 22.562510
9.600002 23.040010
9.700003 23.522512
9.800003 24.010015
9.900003 24.502518
